-27 -42 0
24 37 1
8 -34 1
-39 48 0
46 17 1
-17 -19 0
7 -27 1
23 11 1
-30 -40 0
-50 -36 0
-35 -20 0
31 21 1
-3 -9 1
-6 -38 1
-29 33 0
48 26 1
8 -40 1
28 -35 1
-17 34 0
34 8 1
37 -21 1
-18 0 0
-14 45 0
-4 36 0
-44 27 0
16 -43 1
-11 34 0
-42 32 0
-22 -1 0
-35 -10 0
48 15 1
25 13 1
-18 -44 0
24 -18 1
-39 -33 0
-4 -45 1
10 41 0
31 -32 1
46 41 1
35 37 1
-6 -16 1
31 -25 1
-14 1 0
-20 14 0
-38 -26 0
33 42 1
28 14 1
-23 36 0
31 -31 1
-43 -41 0
-45 -40 0
-50 -25 0
14 -6 1
-29 -31 0
-29 41 0
-15 -34 0
-15 -28 0
26 -3 1
17 34 1
19 -11 1
-44 -38 0
10 33 1
0 14 0
-6 27 0
-22 -14 0
17 48 1
43 18 1
10 -20 1
35 31 1
9 29 1
-17 22 0
-11 27 0
38 -28 1
39 25 1
-23 11 0
-31 28 0
13 40 1
24 -29 1
26 1 1
-16 40 0
-33 -26 0
-7 -3 0
3 37 0
-20 -50 0
16 46 1
-1 -10 1
29 -26 1
17 -10 1
19 8 1
-5 34 0
-40 -34 0
-27 12 0
-37 -21 0
49 -45 1
45 -47 1
33 -20 1
-47 -9 0
21 12 1
-4 18 0
-12 -31 1
9 49 0
-2 47 0
1 -13 1
-41 49 0
49 21 1
3 -45 1
30 -49 1
7 -41 1
-28 30 0
-47 -22 0
21 -30 1
33 -1 1
33 -19 1
-5 -38 1
13 -20 1
-27 4 0
6 14 1
15 -37 1
-15 6 0
-11 26 0
-3 -50 1
34 -6 1
-3 -29 1
-44 -28 0
-24 -34 0
-20 -5 0
-27 6 0
45 -45 1
-3 -18 1
-11 12 0
31 -17 1
-16 3 0
-28 -47 0
3 8 1
23 -17 1
43 -16 1
-8 -48 1
-6 26 0
-6 -24 1
43 40 1
-16 46 0
20 -17 1
-39 9 0
-42 34 0
-11 19 0
-50 -21 0
29 -28 1
2 -26 1
23 49 1
-12 16 0
-36 -49 0
-43 17 0
18 48 1
17 25 1
15 -14 1
-44 12 0
-29 3 0
-3 -36 1
1 -28 1
32 34 1
20 13 1
-13 18 0
-9 -50 1
-17 46 0
-35 36 0
-32 -31 0
-18 -13 0
12 -50 1
45 -13 1
14 4 1
21 36 1
-50 14 0
5 -7 1
-4 -33 1
-19 31 0
45 16 1
-35 -18 0
-45 -40 0
-3 8 0
45 -21 1
30 16 1
24 48 1
0 41 0
24 -26 1
23 -7 1
-36 28 0
39 -5 1
-48 47 0
45 38 1
32 1 1
-16 3 0
-1 11 0
-28 -21 0
-30 -20 0
-36 -42 0
33 47 1
35 -5 1
-29 -46 0
-37 44 0
40 48 1
46 17 1
8 2 1
18 28 1
-30 -44 0
-16 43 0
27 30 1
-26 22 0
14 -6 1
-50 48 0
15 12 1
37 -12 1
-30 -2 0
-28 39 0
-17 16 0
2 45 0
9 48 0
-21 2 0
-7 43 0
-39 -7 0
-10 -50 1
-44 -8 0
-36 -19 0
42 18 1
-10 -24 0
-5 -20 1
36 -37 1
-49 43 0
-1 -45 1
-15 -47 1
-48 14 0
32 -6 1
15 44 1
10 -44 1
1 -28 1
-32 -20 0
22 20 1
-3 49 0
38 1 1
44 0 1
40 -26 1
44 -37 1
42 -26 1
-10 -9 0
-23 -6 0
-31 -23 0
-6 -27 1
-36 -13 0
-12 -17 0
33 14 1
16 -22 1
26 14 1
15 32 1
22 48 1
21 -15 1
1 -12 1
32 -17 1
-19 6 0
5 -21 1
-41 -29 0
-34 -3 0
-7 34 0
-5 14 0
48 14 1
-48 -45 0
39 -49 1
21 -16 1
31 30 1
-21 -32 0
-18 -22 0
-21 33 0
-33 25 0
14 13 1
-11 23 0
14 10 1
-25 41 0
42 -4 1
49 -4 1
7 6 1
41 -6 1
29 -25 1
-32 22 0
21 10 1
-39 -4 0
3 40 0
-24 5 0
-33 -36 0
37 8 1
0 17 0
-16 -38 0
-34 -8 0
11 5 1
10 25 1
38 33 1
-16 19 0
44 -17 1
-28 -23 0
45 23 1
9 16 1
39 -33 1
-19 19 0
42 -3 1
-27 -46 0
-46 6 0
-21 14 0
-27 -20 0
-25 49 0
-48 48 0
-43 6 0
-35 -41 0
-12 31 0
-1 9 0
-4 22 0
40 -23 1
11 -3 1
11 48 0
-20 -35 0
-31 5 0
-36 12 0
3 -33 1
27 -40 1
11 -45 1
27 -28 1
-15 18 0
9 34 0
-23 38 0
-41 -10 0
46 25 1
49 -15 1
9 -35 1
34 -8 1
30 30 1
29 -35 1
30 -43 1
8 -27 1
-2 -27 1
-28 17 0
-48 28 0
38 -43 1
24 -50 1
9 40 0
-34 -23 0
-3 21 0
8 12 1
-3 1 0
-17 -35 0
-25 -16 0
48 26 1
3 -16 1
24 41 1
45 47 1
46 -10 1
-36 3 0
-42 -40 0
-47 41 0
25 -47 1
2 28 0
-10 12 0
-22 -18 0
-33 -36 0
-31 11 0
-43 26 0
28 -26 1
45 -19 1
-46 27 0
46 6 1
-40 -2 0
44 -20 1
20 -24 1
-46 30 0
-13 28 0
29 28 1
32 2 1
-11 -4 0
28 0 1
26 0 1
-10 -19 0
-20 3 0
-49 -28 0
4 -24 1
-29 -16 0
-14 27 0
4 -41 1
38 -24 1
-29 -46 0
-40 -25 0
17 -38 1
46 -19 1
-20 35 0
30 4 1
-7 -26 1
16 -34 1
-28 28 0
19 -3 1
3 6 1
-22 -46 0
43 11 1
34 -48 1
8 -32 1
19 -45 1
0 20 0
25 -16 1
39 -22 1
33 -24 1
-18 14 0
0 -29 1
26 -18 1
-40 -43 0
-8 -24 1
46 -18 1
-16 3 0
-37 19 0
-12 -16 0
-11 24 0
21 -35 1
18 43 1
8 34 0
18 -18 1
8 0 1
33 -39 1
-1 18 0
36 18 1
2 49 0
29 -30 1
-10 30 0
-47 -28 0
-4 -29 1
-35 -25 0
46 -12 1
-33 -13 0
-19 -1 0
2 -20 1
46 -31 1
41 -6 1
-28 48 0
-25 12 0
44 -13 1
10 -46 1
45 -16 1
37 -50 1
47 49 1
7 -30 1
24 18 1
-46 32 0
43 -44 1
13 34 1
-26 -19 0
-41 -16 0
23 35 1
-15 -34 0
-18 11 0
-9 -21 0
9 -42 1
6 -39 1
-26 7 0
32 -9 1
27 27 1
-3 -3 0
3 37 0
-8 31 0
27 8 1
-38 -8 0
17 39 1
45 -12 1
24 -33 1
-5 -45 1
19 -37 1
-35 29 0
-33 -1 0
18 -33 1
46 12 1
-47 30 0
40 -29 1
29 0 1
7 32 0
-21 39 0
5 -40 1
-32 -33 0
-32 8 0
-20 46 0
-41 17 0
-46 -16 0
-2 21 0
26 -45 1
24 14 1
-3 2 0
17 40 1
45 -35 1
-45 40 0
27 -10 1
-7 29 0
-12 -48 1
7 35 0
0 13 0
27 48 1
-30 -25 0
-14 39 0
-33 -5 0
-35 11 0
-36 49 0
1 -38 1